2026-06-02-Alessandro-Tang-2106357
RR -35.335700
SEP: 0.333333
SOP: 1.000000
QEA: 1.000000
QOA: 1.000000
