2026-06-02-Alessandro-Tang-2106357
RR -0.006502
SEP: 1.000000
SOP: 1.000000
QEA: 0.333333
QOA: 0.666667
