2026-06-02-Alessandro-Tang-2106357
RR -0.012234
SEP: 0.666667
SOP: 1.000000
QEA: 0.333333
QOA: 1.000000
