2026-06-02-Alessandro-Tang-2106357
RR -30.083294
SEP: 0.000000
SOP: 1.000000
QEA: 0.333333
QOA: 1.000000
