2026-06-02-Alessandro-Tang-2106357
RR -0.009830
SEP: 0.666667
SOP: 1.000000
QEA: 1.000000
QOA: 0.666667
